chr pos mhap1ref class readcount reftot alttot hap1_percentage
chr11 5025977 1 3a 51 37 14 72.5490196078431
chr11 5038608 1 3a 58 28 30 48.2758620689655
chr11 5045815 0 3a 27 12 15 55.5555555555556
chr11 5214007 0 3a 29 10 19 65.5172413793103
chr11 5214116 0 3a 44 19 25 56.8181818181818
chr11 5230302 0 3a 49 24 25 51.0204081632653
chr11 5233697 0 3a 36 18 18 50
chr11 5234029 0 3a 43 22 21 48.8372093023256
chr11 5237174 1 3a 50 33 17 66
chr11 5250168 1 3a 40 25 15 62.5
chr11 5253477 1 3a 20 12 8 60
chr11 5255912 1 3a 36 16 20 44.4444444444444
chr11 5258038 1 3a 42 24 18 57.1428571428571
chr11 5258162 1 3a 40 20 20 50
chr11 5258265 1 3a 18 8 10 44.4444444444444
chr11 5258429 1 3a 18 13 5 72.2222222222222
chr11 5258490 1 3a 32 21 11 65.625
chr11 5258592 1 3a 58 25 33 43.1034482758621
chr11 5258827 1 3a 54 32 22 59.2592592592593
chr11 5258852 1 3a 51 28 23 54.9019607843137
chr11 5258856 1 3a 52 28 24 53.8461538461538
chr11 5258989 1 3a 51 28 23 54.9019607843137
chr11 5259727 1 3a 50 34 16 68
chr11 5260458 1 3a 62 32 30 51.6129032258064
chr11 5260576 1 3a 46 29 17 63.0434782608696
chr11 5261239 1 3a 35 19 16 54.2857142857143
chr11 5266728 1 3a 49 30 19 61.2244897959184
chr11 5266961 1 3a 57 29 28 50.8771929824561
chr11 5268406 1 3a 33 19 14 57.5757575757576
chr11 5268622 1 3a 30 15 15 50
chr11 5269140 1 3a 53 27 26 50.9433962264151
chr11 5269799 1 3a 87 42 45 48.2758620689655
chr11 5272154 1 3a 52 30 22 57.6923076923077
chr11 5273147 1 3a 54 31 23 57.4074074074074
chr11 5273687 1 3a 54 27 27 50
chr11 5273922 1 3a 57 34 23 59.6491228070175
chr11 5274267 1 3a 46 23 23 50
chr11 5274717 1 3a 33 5 28 15.1515151515152
chr11 5274925 1 3a 33 32 1 96.969696969697
chr11 5275240 1 3a 42 27 15 64.2857142857143
chr11 5277078 1 3a 39 22 17 56.4102564102564
chr11 5277236 1 3a 43 22 21 51.1627906976744
chr11 5286808 1 3a 16 8 8 50
chr11 5287156 1 3a 28 17 11 60.7142857142857
chr11 5287290 1 3a 23 14 9 60.8695652173913
chr11 5289306 1 3a 27 14 13 51.8518518518518
chr11 5291830 1 3a 46 30 16 65.2173913043478
chr11 5291872 1 3a 47 25 22 53.1914893617021
chr11 5293113 1 3a 42 22 20 52.3809523809524
chr11 5294120 1 3a 47 32 15 68.0851063829787
chr11 5294145 1 3a 46 30 16 65.2173913043478
chr11 5294401 1 3a 58 31 27 53.448275862069
chr11 5295631 1 3a 25 12 13 48
chr11 5298030 1 3a 34 24 10 70.5882352941177
chr11 5310150 1 3a 42 24 18 57.1428571428571
chr11 5322737 1 3a 29 19 10 65.5172413793103
chr11 5328420 1 3a 27 15 12 55.5555555555556
chr11 5331644 1 3a 36 17 19 47.2222222222222
chr11 5332385 1 3a 33 21 12 63.6363636363636
chr11 5333177 1 3a 40 18 22 45
chr11 5333296 1 3a 57 35 22 61.4035087719298
chr11 5334712 1 3a 30 15 15 50
chr11 5334951 1 3a 23 12 11 52.1739130434783
chr11 5335599 1 3a 47 34 13 72.3404255319149
chr11 5335664 1 3a 46 29 17 63.0434782608696
chr11 5335890 1 3a 29 21 8 72.4137931034483
chr11 5338759 1 3a 31 19 12 61.2903225806452
chr11 5342426 1 3a 41 24 17 58.5365853658537
chr11 5342609 1 3a 41 22 19 53.6585365853659
chr11 5347875 1 3a 46 26 20 56.5217391304348
chr11 5349132 1 3a 26 13 13 50
chr11 5352500 0 3a 37 21 16 43.2432432432432
chr11 5352806 0 3a 21 8 13 61.9047619047619
chr11 5357211 1 3a 32 20 12 62.5
chr11 5357812 0 3a 34 18 16 47.0588235294118
chr11 5359248 0 3a 17 9 8 47.0588235294118
chr11 5360191 0 3a 34 15 19 55.8823529411765
chr11 5360615 0 3a 39 18 21 53.8461538461538
chr11 5371090 0 3a 57 28 29 50.8771929824561
chr11 5371325 0 3a 56 27 29 51.7857142857143
chr11 5372189 1 3a 26 15 11 57.6923076923077
chr11 5375091 0 3a 43 21 22 51.1627906976744
chr11 5375383 0 3a 45 17 28 62.2222222222222
chr11 5375819 0 3a 21 7 14 66.6666666666667
chr11 5376276 0 3a 44 24 20 45.4545454545455
chr11 5376443 0 3a 25 10 15 60
chr11 5376450 0 3a 25 10 15 60
chr11 5376468 0 3a 29 11 18 62.0689655172414
chr11 5376798 0 3a 34 19 15 44.1176470588235
chr11 5376810 0 3a 31 15 16 51.6129032258064
chr11 5376812 0 3a 32 15 17 53.125
chr11 5376856 0 3a 27 13 14 51.8518518518518
chr11 5377078 0 3a 30 18 12 40
chr11 5377089 0 3a 27 16 11 40.7407407407407
chr11 5377092 0 3a 26 15 11 42.3076923076923
chr11 5382591 0 3a 37 17 20 54.0540540540541
chr11 5382703 0 3a 48 18 30 62.5
chr11 5382742 0 3a 46 17 29 63.0434782608696
chr11 5382771 0 3a 55 18 37 67.2727272727273
chr11 5382781 0 3a 54 17 37 68.5185185185185
chr11 5382783 0 3a 54 17 37 68.5185185185185
chr11 5382790 1 3a 51 36 15 70.5882352941177
chr11 5382804 0 3a 55 19 36 65.4545454545455
chr11 5382834 0 3a 54 18 36 66.6666666666667
chr11 5382866 0 3a 50 17 33 66
chr11 5382867 0 3a 49 16 33 67.3469387755102
chr11 5382992 0 3a 45 18 27 60
chr11 5383015 0 3a 44 16 28 63.6363636363636
chr11 5383090 0 3a 53 28 25 47.1698113207547
chr11 5383160 0 3a 67 35 32 47.7611940298507
chr11 5383403 0 3a 66 33 33 50
chr11 5383453 0 3a 62 35 27 43.5483870967742
chr11 5383454 0 3a 66 34 32 48.4848484848485
chr11 5383459 0 3a 65 34 31 47.6923076923077
chr11 5383587 0 3a 50 23 27 54
chr11 5383616 0 3a 36 17 19 52.7777777777778
chr11 5383798 0 3a 49 18 31 63.265306122449
chr11 5383823 0 3a 51 16 35 68.6274509803922
chr11 5383836 1 3a 23 6 17 26.0869565217391
chr11 5383873 0 3a 49 19 30 61.2244897959184
chr11 5383880 0 3a 49 20 29 59.1836734693878
chr11 5383915 0 3a 50 21 29 58
chr11 5384003 1 3a 40 26 14 65
chr11 5384053 0 3a 42 15 27 64.2857142857143
chr11 5384061 0 3a 39 13 26 66.6666666666667
chr11 5384070 0 3a 41 16 25 60.9756097560976
chr11 5384140 0 3a 29 17 12 41.3793103448276
chr11 5384182 0 3a 32 21 11 34.375
chr11 5384183 0 3a 32 21 11 34.375
chr11 5384314 0 3a 45 20 25 55.5555555555556
chr11 5384429 0 3a 23 10 13 56.5217391304348
chr11 5384462 0 3a 21 9 12 57.1428571428571
chr11 5384517 0 3a 19 6 13 68.4210526315789
chr11 5384535 0 3a 34 14 20 58.8235294117647
chr11 5384561 0 3a 32 14 18 56.25
chr11 5384583 0 3a 18 11 7 38.8888888888889
chr11 5384606 0 3a 36 17 19 52.7777777777778
chr11 5384781 0 3a 53 32 21 39.622641509434
chr11 5389286 1 3a 54 38 16 70.3703703703704
chr11 5389950 1 3a 51 27 24 52.9411764705882
chr11 5390150 0 3a 46 21 25 54.3478260869565
chr11 5392972 0 3a 62 28 34 54.8387096774194
chr11 5393269 1 3a 32 14 18 43.75
chr11 5394480 1 3a 26 13 13 50
chr11 5401260 1 3a 57 27 30 47.3684210526316
chr11 5401397 1 3a 56 23 33 41.0714285714286
chr11 5404383 1 3a 55 27 28 49.0909090909091
chr11 5405534 1 3a 57 38 19 66.6666666666667
chr11 5410103 1 3a 45 30 15 66.6666666666667
chr11 5411934 1 3a 37 23 14 62.1621621621622
chr11 5416688 1 3a 31 16 15 51.6129032258064
chr11 5419522 1 3a 36 16 20 44.4444444444444
chr11 5419669 1 3a 59 33 26 55.9322033898305
chr11 5419670 1 3a 57 31 26 54.3859649122807
chr11 5419833 1 3a 23 12 11 52.1739130434783
chr11 5422234 1 3a 52 20 32 38.4615384615385
chr11 5422271 1 3a 47 18 29 38.2978723404255
chr11 5422953 1 3a 40 19 21 47.5
chr11 5422976 0 3a 38 20 18 47.3684210526316
chr11 5423075 0 3a 24 17 7 29.1666666666667
chr11 5423089 0 3a 23 17 6 26.0869565217391
chr11 5423226 0 3a 54 28 26 48.1481481481481
chr11 5423257 0 3a 49 25 24 48.9795918367347
chr11 5423258 0 3a 52 25 27 51.9230769230769
chr11 5423868 1 3a 43 28 15 65.1162790697674
chr11 5423931 1 3a 36 20 16 55.5555555555556
chr11 5424170 1 3a 44 21 23 47.7272727272727
chr11 5424232 1 3a 28 15 13 53.5714285714286
chr11 5424504 1 3a 45 27 18 60
chr11 5424507 1 3a 46 28 18 60.8695652173913
chr11 5424532 1 3a 44 25 19 56.8181818181818
chr11 5424552 1 3a 52 30 22 57.6923076923077
chr11 5424861 1 3a 47 29 18 61.7021276595745
chr11 5428137 0 3a 21 10 11 52.3809523809524
chr11 5428537 0 3a 41 21 20 48.780487804878
chr11 5431041 0 3a 30 16 14 46.6666666666667
chr11 5431718 0 3a 27 10 17 62.962962962963
chr11 5432011 0 3a 40 11 29 72.5
chr11 5432504 0 3a 22 7 15 68.1818181818182
chr11 5432643 0 3a 41 22 19 46.3414634146341
chr11 5433017 0 3a 61 32 29 47.5409836065574
chr11 5433121 0 3a 48 26 22 45.8333333333333
chr11 5433159 0 3a 45 25 20 44.4444444444444
chr11 5433532 0 3a 30 8 22 73.3333333333333
chr11 5439772 0 3a 19 12 7 36.8421052631579
chr11 5440620 0 3a 38 16 22 57.8947368421053
chr11 5440665 0 3a 52 20 32 61.5384615384615
chr11 5440763 0 3a 36 12 24 66.6666666666667
chr11 5441148 0 3a 40 17 23 57.5
chr11 5445204 0 3a 60 35 25 41.6666666666667
chr11 5445646 0 3a 40 16 24 60
chr11 5445742 0 3a 43 16 27 62.7906976744186
chr11 5448471 1 3a 34 17 17 50
chr11 5451940 1 3a 51 27 24 52.9411764705882
chr11 5452298 1 3a 62 34 28 54.8387096774194
chr11 5458393 1 3a 39 23 16 58.974358974359
chr11 5465785 1 3a 48 28 20 58.3333333333333
chr11 5468974 1 3a 33 19 14 57.5757575757576
chr11 5469143 1 3a 70 38 32 54.2857142857143
chr11 5469329 1 3a 52 35 17 67.3076923076923
chr11 5469612 1 3a 54 31 23 57.4074074074074
chr11 5469959 1 3a 59 29 30 49.1525423728814
chr11 5470101 1 3a 36 26 10 72.2222222222222
chr11 5473814 1 3a 52 27 25 51.9230769230769
chr11 5474192 1 3a 42 18 24 42.8571428571429
chr11 5475118 1 3a 17 15 2 88.2352941176471
chr11 5476835 1 3a 23 13 10 56.5217391304348
chr11 5477052 1 3a 29 14 15 48.2758620689655
chr11 5477243 1 3a 38 16 22 42.1052631578947
chr11 5477344 1 3a 33 15 18 45.4545454545455
chr11 5477390 1 3a 23 11 12 47.8260869565217
chr11 5477729 1 3a 29 15 14 51.7241379310345
chr11 5478171 1 3a 30 17 13 56.6666666666667
chr11 5480110 1 3a 42 21 21 50
chr11 5481856 1 3a 46 21 25 45.6521739130435
chr11 5482725 1 3a 23 12 11 52.1739130434783
chr11 5482747 1 3a 23 13 10 56.5217391304348
chr11 5482756 1 3a 27 12 15 44.4444444444444
chr11 5483133 1 3a 52 36 16 69.2307692307692
chr11 5483246 1 3a 42 20 22 47.6190476190476
chr11 5483306 1 3a 24 9 15 37.5
chr11 5485033 1 3a 28 23 5 82.1428571428571
chr11 5508477 1 3a 21 9 12 42.8571428571429
chr11 5509689 1 3a 37 24 13 64.8648648648649
chr11 5514403 0 3a 45 23 22 48.8888888888889
chr11 5517534 0 3a 21 13 8 38.0952380952381
chr11 4929061 0 3b 23 9 14 60.8695652173913
chr11 4930566 0 3b 32 18 14 43.75
chr11 4958961 1 3b 30 15 15 50
chr11 4962243 0 3b 47 33 14 29.7872340425532
chr11 4962430 1 3b 42 21 21 50
chr11 4964302 1 3b 50 24 26 48
chr11 4964374 1 3b 41 19 22 46.3414634146341
chr11 4984987 0 3b 35 17 18 51.4285714285714
chr11 4997634 0 3b 54 28 26 48.1481481481481
chr11 4999722 0 3b 46 21 25 54.3478260869565
chr11 5000043 0 3b 59 32 27 45.7627118644068
chr11 5001831 0 3b 32 15 17 53.125
chr11 5022036 0 3b 42 18 24 57.1428571428571
chr11 5026767 1 3b 52 29 23 55.7692307692308
chr11 5032540 0 3b 31 12 19 61.2903225806452
chr11 5045694 0 3b 27 13 14 51.8518518518518
chr11 5046099 0 3b 47 11 36 76.5957446808511
chr11 5046196 0 3b 32 11 21 65.625
chr11 5144391 0 3b 66 31 35 53.030303030303
chr11 5214669 0 3b 33 18 15 45.4545454545455
chr11 5214670 0 3b 33 18 15 45.4545454545455
chr11 5214814 0 3b 20 9 11 55
chr11 5214817 0 3b 20 9 11 55
chr11 5214818 0 3b 21 9 12 57.1428571428571
chr11 5214857 1 3b 30 14 16 46.6666666666667
chr11 5214940 1 3b 27 12 15 44.4444444444444
chr11 5215042 0 3b 23 10 13 56.5217391304348
chr11 5217433 0 3b 41 21 20 48.780487804878
chr11 5217458 0 3b 36 22 14 38.8888888888889
chr11 5217709 0 3b 36 18 18 50
chr11 5217785 0 3b 40 22 18 45
chr11 5217920 1 3b 39 28 11 71.7948717948718
chr11 5220001 0 3b 42 26 16 38.0952380952381
chr11 5220312 0 3b 38 26 12 31.5789473684211
chr11 5220710 0 3b 49 21 28 57.1428571428571
chr11 5220837 0 3b 41 19 22 53.6585365853659
chr11 5222340 1 3b 40 19 21 47.5
chr11 5222379 1 3b 35 21 14 60
chr11 5222399 1 3b 28 20 8 71.4285714285714
chr11 5224054 1 3b 40 18 22 45
chr11 5224300 0 3b 49 26 23 46.9387755102041
chr11 5224357 0 3b 59 36 23 38.9830508474576
chr11 5224361 0 3b 58 37 21 36.2068965517241
chr11 5224484 0 3b 56 30 26 46.4285714285714
chr11 5224585 0 3b 55 31 24 43.6363636363636
chr11 5224660 1 3b 37 18 19 48.6486486486487
chr11 5224738 0 3b 30 14 16 53.3333333333333
chr11 5225254 0 3b 20 10 10 50
chr11 5225447 0 3b 29 17 12 41.3793103448276
chr11 5225492 0 3b 29 17 12 41.3793103448276
chr11 5225505 0 3b 29 19 10 34.4827586206897
chr11 5225635 1 3b 41 24 17 58.5365853658537
chr11 5225766 0 3b 33 17 16 48.4848484848485
chr11 5225901 0 3b 17 7 10 58.8235294117647
chr11 5225903 0 3b 55 37 18 32.7272727272727
chr11 5226865 0 3b 23 9 14 60.8695652173913
chr11 5228093 0 3b 36 23 13 36.1111111111111
chr11 5228648 0 3b 48 23 25 52.0833333333333
chr11 5228798 0 3b 30 18 12 40
chr11 5228811 0 3b 34 20 14 41.1764705882353
chr11 5229054 0 3b 30 19 11 36.6666666666667
chr11 5229561 0 3b 55 27 28 50.9090909090909
chr11 5229934 0 3b 42 18 24 57.1428571428571
chr11 5231130 0 3b 31 17 14 45.1612903225806
chr11 5231565 0 3b 59 29 30 50.8474576271186
chr11 5231799 0 3b 52 34 18 34.6153846153846
chr11 5231897 1 3b 46 21 25 45.6521739130435
chr11 5233731 0 3b 38 21 17 44.7368421052632
chr11 5234587 1 3b 28 21 7 75
chr11 5235011 0 3b 39 21 18 46.1538461538462
chr11 5243757 1 3b 31 14 17 45.1612903225806
chr11 5245406 1 3b 40 23 17 57.5
chr11 5245507 1 3b 33 17 16 51.5151515151515
chr11 5246000 1 3b 30 17 13 56.6666666666667
chr11 5246203 1 3b 34 15 19 44.1176470588235
chr11 5246512 1 3b 34 18 16 52.9411764705882
chr11 5246595 0 3b 47 20 27 57.4468085106383
chr11 5247141 1 3b 37 21 16 56.7567567567568
chr11 5247726 0 3b 26 18 8 30.7692307692308
chr11 5247733 1 3b 26 8 18 30.7692307692308
chr11 5268498 0 3b 30 15 15 50
chr11 5327956 0 3b 29 13 16 55.1724137931034
chr11 5328412 0 3b 31 14 17 54.8387096774194
chr11 5331639 0 3b 36 19 17 47.2222222222222
chr11 5333273 0 3b 56 28 28 50
chr11 5334859 0 3b 36 23 13 36.1111111111111
chr11 5334959 0 3b 18 8 10 55.5555555555556
chr11 5335574 0 3b 41 15 26 63.4146341463415
chr11 5336556 0 3b 30 20 10 33.3333333333333
chr11 5336716 0 3b 40 18 22 55
chr11 5336973 0 3b 42 31 11 26.1904761904762
chr11 5337008 0 3b 41 30 11 26.8292682926829
chr11 5337022 0 3b 45 31 14 31.1111111111111
chr11 5337173 0 3b 28 15 13 46.4285714285714
chr11 5337379 0 3b 30 13 17 56.6666666666667
chr11 5337503 0 3b 53 18 35 66.0377358490566
chr11 5338198 0 3b 40 28 12 30
chr11 5338375 0 3b 41 23 18 43.9024390243902
chr11 5338439 0 3b 41 17 24 58.5365853658537
chr11 5338541 0 3b 42 17 25 59.5238095238095
chr11 5338542 0 3b 42 17 25 59.5238095238095
chr11 5338755 0 3b 31 13 18 58.0645161290323
chr11 5339892 0 3b 41 24 17 41.4634146341463
chr11 5340042 0 3b 39 20 19 48.7179487179487
chr11 5340062 0 3b 40 19 21 52.5
chr11 5342404 0 3b 47 19 28 59.5744680851064
chr11 5344164 0 3b 20 12 8 40
chr11 5347528 0 3b 47 25 22 46.8085106382979
chr11 5347664 0 3b 55 21 34 61.8181818181818
chr11 5351714 0 3b 16 10 6 37.5
chr11 5351856 0 3b 35 21 14 40
chr11 5360677 0 3b 31 14 17 54.8387096774194
chr11 5366319 0 3b 41 24 17 41.4634146341463
chr11 5369851 0 3b 28 8 20 71.4285714285714
chr11 5370955 0 3b 50 28 22 44
chr11 5371393 0 3b 55 29 26 47.2727272727273
chr11 5371995 0 3b 33 17 16 48.4848484848485
chr11 5372006 0 3b 32 17 15 46.875
chr11 5372147 0 3b 37 18 19 51.3513513513513
chr11 5372201 0 3b 24 13 11 45.8333333333333
chr11 5372658 0 3b 54 30 24 44.4444444444444
chr11 5372718 0 3b 45 29 16 35.5555555555556
chr11 5373006 0 3b 66 29 37 56.0606060606061
chr11 5373095 0 3b 22 18 4 18.1818181818182
chr11 5373104 0 3b 27 23 4 14.8148148148148
chr11 5373111 0 3b 27 23 4 14.8148148148148
chr11 5373242 0 3b 48 31 17 35.4166666666667
chr11 5373251 0 3b 48 31 17 35.4166666666667
chr11 5374743 0 3b 36 23 13 36.1111111111111
chr11 5374786 0 3b 37 23 14 37.8378378378378
chr11 5375155 0 3b 41 24 17 41.4634146341463
chr11 5375184 0 3b 36 21 15 41.6666666666667
chr11 5375509 0 3b 46 22 24 52.1739130434783
chr11 5375761 0 3b 16 9 7 43.75
chr11 5383196 0 3b 57 34 23 40.3508771929825
chr11 5385545 0 3b 72 32 40 55.5555555555556
chr11 5385888 0 3b 63 43 20 31.7460317460317
chr11 5385932 0 3b 53 37 16 30.188679245283
chr11 5386198 0 3b 25 14 11 44
chr11 5386200 0 3b 23 12 11 47.8260869565217
chr11 5386465 0 3b 42 23 19 45.2380952380952
chr11 5386668 0 3b 43 17 26 60.4651162790698
chr11 5386755 0 3b 49 22 27 55.1020408163265
chr11 5386911 0 3b 53 26 27 50.9433962264151
chr11 5387072 0 3b 53 27 26 49.0566037735849
chr11 5388242 0 3b 40 15 25 62.5
chr11 5388294 0 3b 39 15 24 61.5384615384615
chr11 5388696 0 3b 17 10 7 41.1764705882353
chr11 5388739 0 3b 24 15 9 37.5
chr11 5388760 0 3b 20 12 8 40
chr11 5388902 0 3b 22 16 6 27.2727272727273
chr11 5389544 0 3b 51 20 31 60.7843137254902
chr11 5389690 0 3b 24 10 14 58.3333333333333
chr11 5390062 0 3b 53 27 26 49.0566037735849
chr11 5390372 0 3b 42 23 19 45.2380952380952
chr11 5390374 0 3b 42 22 20 47.6190476190476
chr11 5390394 0 3b 42 27 15 35.7142857142857
chr11 5390402 0 3b 43 25 18 41.8604651162791
chr11 5390404 0 3b 44 26 18 40.9090909090909
chr11 5390446 0 3b 40 27 13 32.5
chr11 5391517 0 3b 23 15 8 34.7826086956522
chr11 5392106 0 3b 36 22 14 38.8888888888889
chr11 5392805 0 3b 37 18 19 51.3513513513513
chr11 5392884 0 3b 37 18 19 51.3513513513513
chr11 5393113 0 3b 51 33 18 35.2941176470588
chr11 5393165 0 3b 51 27 24 47.0588235294118
chr11 5393280 0 3b 36 17 19 52.7777777777778
chr11 5393523 0 3b 42 21 21 50
chr11 5393589 0 3b 32 20 12 37.5
chr11 5394410 0 3b 23 13 10 43.4782608695652
chr11 5402500 0 3b 81 36 45 55.5555555555556
chr11 5405417 0 3b 55 27 28 50.9090909090909
chr11 5410253 0 3b 40 25 15 37.5
chr11 5415581 0 3b 28 12 16 57.1428571428571
chr11 5416441 0 3b 52 28 24 46.1538461538462
chr11 5416914 0 3b 68 36 32 47.0588235294118
chr11 5419524 0 3b 36 21 15 41.6666666666667
chr11 5420219 0 3b 34 17 17 50
chr11 5420970 0 3b 49 28 21 42.8571428571429
chr11 5422172 0 3b 33 23 10 30.3030303030303
chr11 5422179 0 3b 35 24 11 31.4285714285714
chr11 5422673 0 3b 31 13 18 58.0645161290323
chr11 5423353 0 3b 31 21 10 32.258064516129
chr11 5423502 0 3b 19 9 10 52.6315789473684
chr11 5423639 0 3b 36 12 24 66.6666666666667
chr11 5423759 0 3b 54 20 34 62.962962962963
chr11 5423779 0 3b 51 19 32 62.7450980392157
chr11 5424050 0 3b 49 31 18 36.734693877551
chr11 5424838 0 3b 56 27 29 51.7857142857143
chr11 5428126 0 3b 20 11 9 45
chr11 5429363 0 3b 27 7 20 74.0740740740741
chr11 5432702 0 3b 52 27 25 48.0769230769231
chr11 5442946 0 3b 21 8 13 61.9047619047619
chr11 5443442 0 3b 32 14 18 56.25
chr11 5444353 0 3b 42 21 21 50
chr11 5444506 0 3b 43 29 14 32.5581395348837
chr11 5444793 0 3b 58 36 22 37.9310344827586
chr11 5444812 0 3b 58 35 23 39.6551724137931
chr11 5445240 0 3b 44 24 20 45.4545454545455
chr11 5445307 0 3b 43 23 20 46.5116279069767
chr11 5446228 0 3b 38 21 17 44.7368421052632
chr11 5448048 0 3b 34 17 17 50
chr11 5448055 0 3b 37 17 20 54.0540540540541
chr11 5449243 0 3b 26 14 12 46.1538461538462
chr11 5449673 0 3b 32 21 11 34.375
chr11 5449741 0 3b 33 18 15 45.4545454545455
chr11 5449962 0 3b 45 24 21 46.6666666666667
chr11 5452526 1 3b 61 35 26 57.3770491803279
chr11 5452917 0 3b 33 10 23 69.6969696969697
chr11 5453706 1 3b 41 20 21 48.780487804878
chr11 5454241 0 3b 27 14 13 48.1481481481481
chr11 5454599 0 3b 34 18 16 47.0588235294118
chr11 5456083 0 3b 43 24 19 44.1860465116279
chr11 5456221 0 3b 52 29 23 44.2307692307692
chr11 5457598 1 3b 51 32 19 62.7450980392157
chr11 5457631 1 3b 58 35 23 60.3448275862069
chr11 5457677 1 3b 58 32 26 55.1724137931034
chr11 5460154 0 3b 44 28 16 36.3636363636364
chr11 5461031 1 3b 57 32 25 56.140350877193
chr11 5461214 1 3b 61 32 29 52.4590163934426
chr11 5461263 1 3b 56 27 29 48.2142857142857
chr11 5463061 0 3b 38 23 15 39.4736842105263
chr11 5463145 1 3b 41 21 20 51.219512195122
chr11 5463538 1 3b 30 19 11 63.3333333333333
chr11 5465151 1 3b 45 18 27 40
chr11 5465548 1 3b 57 30 27 52.6315789473684
chr11 5467582 1 3b 25 11 14 44
chr11 5467825 1 3b 23 15 8 65.2173913043478
chr11 5468006 1 3b 51 23 28 45.0980392156863
chr11 5468335 1 3b 47 27 20 57.4468085106383
chr11 5469801 0 3b 30 17 13 43.3333333333333
chr11 5470923 1 3b 76 38 38 50
chr11 5470990 0 3b 50 21 29 58
chr11 5478331 1 3b 39 14 25 35.8974358974359
chr11 5478513 1 3b 23 14 9 60.8695652173913
chr11 5479586 1 3b 41 19 22 46.3414634146341
chr11 5479984 1 3b 54 28 26 51.8518518518518
chr11 5480093 1 3b 46 19 27 41.304347826087
chr11 5480123 1 3b 43 21 22 48.8372093023256
chr11 5480902 1 3b 20 7 13 35
chr11 5483825 1 3b 30 15 15 50
chr11 5484136 1 3b 38 24 14 63.1578947368421
chr11 5484514 1 3b 49 23 26 46.9387755102041
chr11 5488840 1 3b 38 11 27 28.9473684210526
chr11 5490155 1 3b 42 19 23 45.2380952380952
chr11 5490345 1 3b 27 14 13 51.8518518518518
chr11 5490529 1 3b 23 10 13 43.4782608695652
chr11 5490543 1 3b 19 10 9 52.6315789473684
chr11 5491183 1 3b 81 40 41 49.3827160493827
chr11 5491568 1 3b 39 22 17 56.4102564102564
chr11 5492033 1 3b 34 21 13 61.7647058823529
chr11 5493370 1 3b 53 20 33 37.7358490566038
chr11 5493500 1 3b 40 18 22 45
chr11 5493509 1 3b 39 19 20 48.7179487179487
chr11 5493541 1 3b 45 24 21 53.3333333333333
chr11 5510341 1 3b 37 15 22 40.5405405405405
chr11 5511701 1 3b 59 34 25 57.6271186440678
chr11 5623278 1 3b 39 21 18 53.8461538461538
chr11 5629314 0 3b 50 23 27 54
