chr pos refallele Mref.inh Prefinh reftot alttot
chr11 5072498 G 1 0 31 3
chr11 5128411 A 1 0 52 0
chr11 5128423 T 1 0 47 0
chr11 5192095 G 1 0 30 3
chr11 5194180 G 1 0 28 0
chr11 5200046 G 1 0 19 0
chr11 5200187 G 1 0 22 1
chr11 5200346 G 1 0 38 8
chr11 5205239 A 1 0 17 0
chr11 5206294 T 1 0 44 2
chr11 5208174 A 1 0 26 2
chr11 5209957 G 1 0 32 1
chr11 5209966 A 1 0 29 1
chr11 5210397 T 1 0 39 2
chr11 5212521 C 1 0 22 1
chr11 5213182 A 1 0 33 4
chr11 5213276 A 1 0 34 1
chr11 5214871 G 1 0 32 1
chr11 5249004 A 1 0 30 0
chr11 5419559 G 1 0 49 1
chr11 5421022 A 1 0 66 6
chr11 5422198 A 1 0 38 4
chr11 5430255 A 1 0 36 5
chr11 5431986 A 1 0 41 5
chr11 5432294 T 1 0 28 1
chr11 5432673 T 1 0 48 4
chr11 5433114 G 1 0 41 2
chr11 5433351 A 1 0 40 4
chr11 5441355 A 1 0 21 0
chr11 5442985 A 1 0 29 1
chr11 5443190 T 1 0 33 1
chr11 5446320 A 1 0 45 2
chr11 5446346 G 1 0 45 1
chr11 5446474 A 1 0 43 0
chr11 5451875 G 1 0 62 2
chr11 5454472 G 1 0 52 0
chr11 5457734 G 1 0 32 6
chr11 5461297 C 1 0 53 5
chr11 5467882 T 1 0 38 3
chr11 5468902 C 1 0 38 0
chr11 5468949 A 1 0 31 1
chr11 5470716 G 1 0 68 2
chr11 5471746 G 1 0 34 1
chr11 5471832 A 1 0 51 5
chr11 5472735 T 1 0 50 6
chr11 5472767 A 1 0 57 6
chr11 5472768 C 1 0 56 6
chr11 5472822 G 1 0 62 8
chr11 5472841 A 1 0 49 4
chr11 5472989 G 1 0 65 4
chr11 5473779 C 1 0 32 1
chr11 5473889 T 1 0 56 6
chr11 5473913 G 1 0 41 6
chr11 5474093 A 1 0 36 1
chr11 5479891 A 1 0 52 3
chr11 5481531 G 1 0 35 0
chr11 5481963 A 1 0 45 2
chr11 5482877 T 1 0 31 3
chr11 5483235 A 1 0 41 0
chr11 5596218 G 1 0 39 0
chr11 5101884 A 0 1 1 40
chr11 5106155 A 0 1 1 31
chr11 5106212 C 0 1 0 16
chr11 5109894 C 0 1 1 36
chr11 5112875 T 0 1 5 41
chr11 5113225 T 0 1 2 35
chr11 5117471 G 0 1 0 28
chr11 5117603 T 0 1 1 39
chr11 5117707 G 0 1 1 40
chr11 5121790 G 0 1 3 39
chr11 5136940 A 0 1 1 49
chr11 5137846 C 0 1 3 25
chr11 5180563 C 0 1 2 39
chr11 5181533 G 0 1 0 30
chr11 5187260 A 0 1 1 15
chr11 5187366 G 0 1 2 28
chr11 5187403 T 0 1 2 35
chr11 5187625 G 0 1 4 64
chr11 5187692 T 0 1 2 52
chr11 5190474 T 0 1 2 36
chr11 5190730 C 0 1 4 18
chr11 5191111 G 0 1 2 58
chr11 5191872 A 0 1 3 48
chr11 5192596 T 0 1 3 43
chr11 5194616 C 0 1 2 38
chr11 5194664 T 0 1 2 35
chr11 5200320 A 0 1 7 32
chr11 5208594 C 0 1 2 31
chr11 5209013 C 0 1 2 25
chr11 5209964 T 0 1 1 31
chr11 5210250 G 0 1 4 45
chr11 5210341 C 0 1 5 41
chr11 5213083 G 0 1 3 31
chr11 5402207 T 0 1 0 28
chr11 5402564 A 0 1 4 66
chr11 5403168 T 0 1 1 35
chr11 5403371 G 0 1 0 46
chr11 5404224 G 0 1 2 48
chr11 5404684 C 0 1 0 43
chr11 5404852 A 0 1 1 42
chr11 5404954 G 0 1 2 65
chr11 5405039 C 0 1 2 54
chr11 5405112 T 0 1 2 43
chr11 5405117 A 0 1 2 45
chr11 5405150 G 0 1 3 45
chr11 5405170 G 0 1 3 46
chr11 5416174 C 0 1 3 36
chr11 5416270 C 0 1 2 39
chr11 5416622 C 0 1 1 28
chr11 5417034 G 0 1 1 53
chr11 5417167 C 0 1 0 62
chr11 5419868 A 0 1 0 22
chr11 5420148 G 0 1 0 31
chr11 5421124 G 0 1 4 61
chr11 5421710 G 0 1 3 56
chr11 5423775 G 0 1 3 48
chr11 5526331 C 0 1 2 37
chr11 5528177 C 0 1 1 35
chr11 5533061 A 0 1 1 32
