chr pos mhap1ref class readcount reftot alttot hap1_percentage
chr7 116803387 1 3a 65 32 33 49.2307692307692
chr7 116814234 1 3a 135 71 64 52.5925925925926
chr7 116817432 1 3a 89 48 41 53.9325842696629
chr7 116824117 1 3a 80 44 36 55
chr7 116824930 1 3a 117 64 53 54.7008547008547
chr7 116826489 1 3a 88 48 40 54.5454545454545
chr7 116833484 1 3a 90 39 51 43.3333333333333
chr7 116842846 1 3a 126 61 65 48.4126984126984
chr7 116842924 1 3a 62 35 27 56.4516129032258
chr7 116842930 1 3a 60 35 25 58.3333333333333
chr7 116850770 1 3a 123 61 62 49.5934959349593
chr7 116858384 1 3a 170 90 80 52.9411764705882
chr7 116861145 1 3a 145 79 66 54.4827586206897
chr7 116862260 1 3a 111 60 51 54.0540540540541
chr7 116866811 0 3a 129 63 66 51.1627906976744
chr7 116867084 0 3a 128 69 59 46.09375
chr7 116867295 0 3a 125 70 55 44
chr7 116874471 0 3a 111 60 51 45.945945945946
chr7 116926632 0 3a 103 51 52 50.4854368932039
chr7 116928371 0 3a 125 57 68 54.4
chr7 116930895 0 3a 191 96 95 49.738219895288
chr7 116930962 0 3a 142 72 70 49.2957746478873
chr7 116937478 1 3a 61 31 30 50.8196721311475
chr7 116943793 0 3a 67 37 30 44.7761194029851
chr7 116948171 0 3a 91 49 42 46.1538461538462
chr7 116973288 1 3a 146 82 64 56.1643835616438
chr7 116976587 1 3a 96 50 46 52.0833333333333
chr7 117104985 1 3a 107 54 53 50.4672897196262
chr7 117176815 1 3a 48 19 29 39.5833333333333
chr7 117218146 1 3a 100 50 50 50
chr7 117219798 1 3a 62 32 30 51.6129032258064
chr7 117295375 1 3a 95 47 48 49.4736842105263
chr7 117378356 1 3a 121 61 60 50.4132231404959
chr7 117379246 1 3a 133 71 62 53.3834586466165
chr7 117380199 1 3a 116 59 57 50.8620689655172
chr7 117380622 1 3a 89 55 34 61.7977528089888
chr7 117381393 1 3a 94 45 49 47.8723404255319
chr7 117382261 1 3a 125 58 67 46.4
chr7 117393611 1 3a 45 20 25 44.4444444444444
chr7 117394644 1 3a 87 49 38 56.3218390804598
chr7 117395160 1 3a 149 70 79 46.9798657718121
chr7 117395888 1 3a 129 68 61 52.7131782945737
chr7 117395995 1 3a 149 70 79 46.9798657718121
chr7 117396193 1 3a 127 69 58 54.3307086614173
chr7 117396384 1 3a 19 7 12 36.8421052631579
chr7 117398604 1 3a 113 66 47 58.4070796460177
chr7 117400970 1 3a 96 61 35 63.5416666666667
chr7 117401398 1 3a 131 78 53 59.5419847328244
chr7 117406238 1 3a 116 70 46 60.3448275862069
chr7 117445570 1 3a 139 75 64 53.9568345323741
chr7 117445664 0 3a 148 76 72 48.6486486486487
chr7 117448230 0 3a 88 49 39 44.3181818181818
chr7 117458490 0 3a 114 54 60 52.6315789473684
chr7 117477299 0 3a 111 55 56 50.4504504504504
chr7 117478028 0 3a 160 73 87 54.375
chr7 117490334 0 3a 122 60 62 50.8196721311475
chr7 117495667 1 3a 94 56 38 59.5744680851064
chr7 117496144 1 3a 118 71 47 60.1694915254237
chr7 117496319 1 3a 152 88 64 57.8947368421053
chr7 117503982 1 3a 92 39 53 42.3913043478261
chr7 117506810 1 3a 165 89 76 53.9393939393939
chr7 117508506 1 3a 135 50 85 37.037037037037
chr7 116882774 1 3b 152 60 92 39.4736842105263
chr7 116883002 1 3b 133 51 82 38.3458646616541
chr7 116885722 1 3b 66 19 47 28.7878787878788
chr7 116887911 1 3b 170 63 107 37.0588235294118
chr7 116887937 1 3b 170 62 108 36.4705882352941
chr7 116888766 1 3b 102 41 61 40.1960784313725
chr7 116889414 1 3b 123 48 75 39.0243902439024
chr7 116889718 1 3b 178 67 111 37.6404494382022
chr7 116889750 1 3b 159 57 102 35.8490566037736
chr7 116892147 1 3b 243 77 166 31.6872427983539
chr7 116892183 1 3b 218 70 148 32.1100917431193
chr7 116892203 1 3b 248 80 168 32.258064516129
chr7 116892278 1 3b 202 72 130 35.6435643564356
chr7 116892542 1 3b 195 63 132 32.3076923076923
chr7 116892606 1 3b 134 44 90 32.8358208955224
chr7 116892846 1 3b 146 57 89 39.041095890411
chr7 116892889 1 3b 156 64 92 41.025641025641
chr7 116893795 1 3b 147 46 101 31.2925170068027
chr7 116894729 1 3b 121 34 87 28.099173553719
chr7 116894865 1 3b 30 16 14 53.3333333333333
chr7 116894915 1 3b 17 11 6 64.7058823529412
chr7 116894926 1 3b 17 10 7 58.8235294117647
chr7 116895163 1 3b 126 51 75 40.4761904761905
chr7 116898758 1 3b 38 12 26 31.5789473684211
chr7 116899294 1 3b 95 25 70 26.3157894736842
chr7 116900032 1 3b 169 54 115 31.9526627218935
chr7 116900040 1 3b 177 59 118 33.3333333333333
chr7 116900542 1 3b 171 66 105 38.5964912280702
chr7 116900643 1 3b 157 59 98 37.5796178343949
chr7 116901109 1 3b 145 51 94 35.1724137931034
chr7 116901160 1 3b 160 47 113 29.375
chr7 116901454 1 3b 101 26 75 25.7425742574257
chr7 116901864 1 3b 124 60 64 48.3870967741936
chr7 116901925 1 3b 162 63 99 38.8888888888889
chr7 116902095 1 3b 100 39 61 39
chr7 116902456 1 3b 91 31 60 34.0659340659341
chr7 116902698 1 3b 103 44 59 42.7184466019417
chr7 116902858 1 3b 142 48 94 33.8028169014084
chr7 116903250 1 3b 166 53 113 31.9277108433735
chr7 116904228 0 3b 113 64 49 43.3628318584071
chr7 116904346 1 3b 196 76 120 38.7755102040816
chr7 116904510 1 3b 172 54 118 31.3953488372093
chr7 116904528 1 3b 160 54 106 33.75
chr7 116905833 1 3b 68 23 45 33.8235294117647
chr7 116906551 1 3b 198 63 135 31.8181818181818
chr7 116906682 1 3b 159 49 110 30.8176100628931
chr7 116906792 1 3b 156 64 92 41.025641025641
chr7 116906912 1 3b 116 35 81 30.1724137931034
chr7 116907164 1 3b 154 61 93 39.6103896103896
chr7 116907379 0 3b 94 61 33 35.1063829787234
chr7 116907743 1 3b 168 58 110 34.5238095238095
chr7 116907843 1 3b 180 54 126 30
chr7 116908448 1 3b 91 46 45 50.5494505494505
chr7 116909300 1 3b 104 42 62 40.3846153846154
chr7 116910046 0 3b 124 81 43 34.6774193548387
chr7 116910091 0 3b 124 86 38 30.6451612903226
chr7 116910396 1 3b 216 93 123 43.0555555555556
chr7 116910616 0 3b 202 133 69 34.1584158415842
chr7 116910648 0 3b 183 118 65 35.5191256830601
chr7 116910650 0 3b 175 118 57 32.5714285714286
chr7 116910801 1 3b 168 65 103 38.6904761904762
chr7 116911091 1 3b 60 21 39 35
chr7 116911348 0 3b 67 44 23 34.3283582089552
chr7 116911986 0 3b 146 103 43 29.4520547945205
chr7 116912901 0 3b 156 105 51 32.6923076923077
chr7 116913211 0 3b 145 91 54 37.2413793103448
chr7 116913567 1 3b 134 63 71 47.0149253731343
chr7 116913823 0 3b 148 97 51 34.4594594594595
chr7 116914043 0 3b 130 96 34 26.1538461538462
chr7 116915119 0 3b 162 115 47 29.0123456790123
chr7 116915388 0 3b 112 74 38 33.9285714285714
chr7 116915684 0 3b 154 103 51 33.1168831168831
chr7 116916228 0 3b 148 105 43 29.0540540540541
chr7 116917118 0 3b 138 83 55 39.8550724637681
chr7 116918911 0 3b 143 94 49 34.2657342657343
chr7 116919978 0 3b 116 67 49 42.2413793103448
chr7 116920717 0 3b 216 138 78 36.1111111111111
chr7 116920964 0 3b 148 90 58 39.1891891891892
chr7 116920970 0 3b 150 90 60 40
chr7 116921230 0 3b 178 110 68 38.2022471910112
chr7 116922317 0 3b 58 42 16 27.5862068965517
chr7 116927360 0 3b 65 41 24 36.9230769230769
chr7 116942115 0 3b 39 24 15 38.4615384615385
chr7 116942433 0 3b 81 47 34 41.9753086419753
chr7 116943135 0 3b 95 69 26 27.3684210526316
chr7 116944283 0 3b 152 92 60 39.4736842105263
chr7 116976830 1 3b 95 32 63 33.6842105263158
chr7 117252977 0 3b 65 38 27 41.5384615384615
chr7 117452874 0 3b 146 100 46 31.5068493150685
chr7 117452904 0 3b 147 104 43 29.2517006802721
chr7 117453157 0 3b 141 105 36 25.531914893617
chr7 117453266 0 3b 164 124 40 24.390243902439
chr7 117454575 0 3b 65 48 17 26.1538461538462
chr7 117454619 0 3b 76 53 23 30.2631578947368
chr7 117455376 0 3b 89 65 24 26.9662921348315
chr7 117455382 0 3b 89 63 26 29.2134831460674
chr7 117455412 0 3b 66 49 17 25.7575757575758
chr7 117455983 0 3b 97 50 47 48.4536082474227
chr7 117456439 0 3b 137 93 44 32.1167883211679
chr7 117456904 0 3b 133 83 50 37.593984962406
chr7 117458344 0 3b 98 63 35 35.7142857142857
chr7 117459023 0 3b 169 110 59 34.9112426035503
chr7 117459027 0 3b 166 108 58 34.9397590361446
chr7 117460254 0 3b 121 68 53 43.801652892562
chr7 117460956 0 3b 77 57 20 25.974025974026
chr7 117462435 0 3b 95 71 24 25.2631578947368
chr7 117462616 0 3b 121 83 38 31.404958677686
chr7 117462851 0 3b 122 87 35 28.6885245901639
chr7 117463194 0 3b 131 89 42 32.0610687022901
chr7 117463367 0 3b 93 66 27 29.0322580645161
chr7 117468334 0 3b 139 82 57 41.0071942446043
chr7 117470693 0 3b 136 83 53 38.9705882352941
chr7 117471549 0 3b 120 75 45 37.5
chr7 117475324 0 3b 180 134 46 25.5555555555556
chr7 117475328 0 3b 182 136 46 25.2747252747253
chr7 117475753 0 3b 103 81 22 21.3592233009709
chr7 117475810 0 3b 79 60 19 24.0506329113924
chr7 117480438 0 3b 63 41 22 34.9206349206349
chr7 117482870 0 3b 89 50 39 43.8202247191011
chr7 117483142 0 3b 112 95 17 15.1785714285714
chr7 117483850 0 3b 96 55 41 42.7083333333333
chr7 117485007 0 3b 99 66 33 33.3333333333333
chr7 117486312 0 3b 118 77 41 34.7457627118644
chr7 117498461 1 3b 49 18 31 36.734693877551
chr7 117502574 1 3b 130 49 81 37.6923076923077
